Poisson distribution,,
,,
,,
,,
arrival rates,Lamda or MU,5
,,
,,
,,
X,P(X=x),P(X<=X)
0,0.0067,0.0067
1,0.0337,0.0404
2,0.0842,0.1247
3,0.1404,0.265
4,0.1755,0.4405
5,0.1755,0.616
6,0.1462,0.7622
7,0.1044,0.8666
8,0.0653,0.9319
9,0.0363,0.9682
10,0.0181,0.9863
