Binomial distibution ,,
,,
,,
,,
,P,0.3
,N,10
,,
,,
X,P(X=x),P(X<=X)
0,0.0282,0.0282
1,0.1211,0.1493
2,0.2335,0.3828
3,0.2668,0.6496
4,0.2001,0.8497
5,0.1029,0.9527
6,0.0368,0.9894
7,0.0090,0.9984
8,0.0014,0.9999
9,0.0001,1.0000
10,0.0000,1.0000
